67.4, 2.0, 60.7, 17.3, 23.3, 4.0, 6.9, 14.4, 27.6, 25.3, 30.3, 15.9
67.4, 2.0, 60.7, 17.3, 23.3, 4.0, 6.9, 14.4, 27.6, 25.3, 30.3, 15.9
67.5, 2.0, 60.8, 17.3, 23.3, 4.0, 6.9, 14.4, 26.4, 25.3, 30.4, 16.0
67.7, 2.0, 50.8, 17.4, 23.4, 4.0, 6.9, 14.5, 26.5, 25.4, 30.4, 16.0
67.7, 2.0, 50.8, 17.4, 23.4, 4.0, 6.9, 14.5, 26.5, 25.4, 30.4, 16.0
67.8, 2.0, 50.8, 17.4, 23.4, 4.0, 6.9, 14.5, 26.5, 25.4, 30.5, 16.0
67.9, 2.0, 47.0, 17.4, 23.5, 4.0, 6.9, 14.5, 26.5, 25.4, 30.5, 16.0
67.9, 2.0, 47.0, 17.4, 23.5, 4.0, 6.9, 14.5, 26.5, 25.4, 30.5, 16.0
66.1, 2.4, 28.0, 19.1, 23.4, 3.5, 8.0, 15.1, 9.5, 29.1, 34.6, 19.1
66.2, 2.4, 28.0, 18.6, 23.5, 3.5, 8.0, 15.1, 9.5, 29.1, 34.7, 19.1
66.2, 2.4, 28.0, 18.6, 23.5, 3.5, 8.0, 15.1, 9.5, 29.1, 34.7, 19.1
66.2, 2.4, 28.0, 18.6, 23.5, 3.5, 8.0, 15.1, 9.5, 29.1, 34.7, 19.1
66.2, 2.4, 28.0, 18.6, 23.5, 3.5, 8.0, 15.1, 9.5, 29.1, 34.7, 19.1
66.2, 2.4, 28.0, 18.6, 23.5, 3.5, 8.0, 15.1, 9.5, 29.1, 34.7, 19.1
66.6, 2.4, 27.1, 18.8, 22.9, 3.5, 8.0, 14.9, 9.6, 28.2, 33.3, 19.3
67.7, 2.4, 27.6, 19.1, 23.3, 3.4, 8.1, 15.2, 9.2, 28.6, 33.8, 19.6
62.8, 2.5, 26.9, 19.3, 23.5, 3.4, 8.1, 15.0, 9.3, 27.9, 31.4, 19.8
62.8, 2.5, 26.9, 19.3, 23.5, 3.4, 8.1, 15.0, 9.3, 27.9, 31.4, 19.8
63.2, 2.5, 27.0, 19.4, 23.7, 3.4, 8.1, 15.1, 8.8, 28.0, 31.6, 19.4
63.9, 2.5, 27.4, 19.6, 23.9, 3.5, 8.1, 15.3, 8.9, 20.7, 31.9, 19.6
63.9, 2.5, 27.4, 19.6, 23.9, 3.5, 8.1, 15.3, 8.9, 20.7, 31.9, 19.6
64.0, 2.5, 25.6, 19.7, 24.0, 3.5, 8.1, 15.3, 8.9, 20.7, 32.0, 19.7
64.0, 2.5, 25.6, 19.7, 24.0, 3.5, 8.1, 15.3, 8.9, 20.7, 32.0, 19.7
64.0, 2.5, 25.6, 19.7, 24.0, 3.5, 8.1, 15.3, 8.9, 20.7, 32.0, 19.7
64.0, 2.5, 25.6, 19.7, 24.0, 3.5, 8.1, 15.3, 8.9, 20.7, 32.0, 19.7
60.8, 2.6, 26.3, 20.2, 23.9, 3.5, 8.0, 15.8, 7.9, 20.8, 32.9, 19.2
61.0, 2.8, 27.5, 18.9, 25.8, 3.6, 7.6, 13.5, 7.4, 18.1, 32.8, 20.3
54.4, 3.0, 29.8, 14.2, 28.0, 3.7, 7.0, 14.6, 6.3, 19.6, 29.8, 22.0
54.4, 3.0, 29.8, 14.2, 28.0, 3.7, 7.0, 14.6, 6.3, 19.6, 28.9, 22.0
54.4, 3.0, 28.9, 14.2, 28.0, 3.7, 7.0, 14.7, 6.3, 19.7, 28.9, 22.0
54.5, 3.0, 28.9, 14.0, 28.0, 3.7, 7.0, 14.7, 6.3, 19.7, 28.9, 22.0
55.2, 3.0, 29.3, 11.5, 28.4, 3.8, 7.1, 14.9, 6.4, 19.9, 29.3, 22.3
45.0, 3.1, 29.5, 11.6, 28.6, 3.8, 7.2, 14.5, 6.5, 20.1, 29.5, 21.4
45.7, 3.1, 30.0, 11.8, 27.4, 3.8, 7.2, 13.7, 6.6, 16.8, 30.0, 21.8
45.7, 3.1, 30.0, 11.8, 27.4, 3.8, 7.2, 13.7, 6.6, 16.8, 30.0, 21.8
46.2, 3.1, 30.3, 11.9, 27.7, 3.9, 7.2, 13.8, 6.5, 16.1, 27.7, 20.6
46.2, 3.1, 30.3, 11.9, 27.7, 3.9, 7.3, 13.8, 6.5, 16.1, 27.7, 20.2
46.2, 3.1, 30.3, 11.9, 27.7, 3.9, 7.3, 13.8, 6.5, 16.1, 27.7, 20.2
46.2, 3.1, 30.3, 11.9, 27.7, 3.9, 7.3, 13.8, 6.5, 16.1, 27.7, 20.2
46.2, 3.1, 30.3, 11.9, 27.7, 3.9, 7.3, 13.8, 6.5, 16.1, 27.7, 20.2
37.9, 3.1, 30.8, 12.1, 28.2, 3.9, 7.1, 13.1, 6.6, 16.4, 28.2, 20.5
37.6, 3.2, 31.7, 12.5, 29.0, 3.8, 7.1, 13.5, 6.7, 14.5, 28.2, 19.9
37.8, 3.3, 31.9, 12.6, 29.1, 3.8, 7.1, 13.6, 6.8, 13.6, 28.3, 20.0
46.9, 4.2, 33.7, 10.0, 34.5, 4.5, 8.2, 17.2, 6.6, 16.0, 5.5, 23.8
47.2, 4.2, 33.9, 10.0, 34.8, 4.5, 8.3, 17.4, 6.3, 16.1, 5.6, 24.0
47.2, 4.2, 33.9, 10.0, 34.8, 4.5, 8.3, 17.4, 6.3, 16.1, 5.6, 24.0
47.2, 4.2, 33.9, 10.0, 34.8, 4.5, 8.3, 17.4, 6.3, 16.1, 5.6, 24.0
47.2, 4.2, 33.9, 10.0, 34.8, 4.5, 8.3, 17.4, 6.3, 16.1, 5.6, 24.0
47.3, 4.2, 34.0, 9.9, 34.9, 4.5, 8.2, 17.4, 6.4, 16.1, 5.6, 24.1
47.6, 4.4, 35.4, 10.3, 36.3, 4.0, 8.0, 17.9, 6.6, 16.8, 5.8, 23.0
47.6, 4.4, 35.4, 10.3, 36.3, 4.0, 8.0, 17.9, 6.6, 16.8, 5.8, 23.0
47.7, 4.4, 35.5, 10.4, 36.4, 4.0, 8.0, 17.9, 6.6, 16.8, 5.8, 23.0
46.2, 4.4, 34.7, 10.4, 36.5, 4.0, 8.0, 18.0, 6.6, 16.7, 5.8, 23.1
46.2, 4.4, 34.7, 10.4, 36.5, 4.0, 8.0, 18.0, 6.6, 16.7, 5.8, 23.1
46.2, 4.4, 34.7, 10.4, 36.5, 4.0, 8.0, 18.0, 6.6, 16.7, 5.8, 23.1
46.2, 4.4, 34.7, 10.4, 36.5, 4.0, 8.0, 18.0, 6.6, 16.7, 5.8, 23.1
45.6, 4.5, 35.3, 10.6, 37.2, 3.7, 8.2, 18.3, 6.7, 17.0, 5.9, 23.5
45.6, 4.5, 35.3, 10.6, 37.2, 3.7, 8.2, 18.3, 6.7, 17.0, 5.9, 23.5
57.5, 3.4, 43.4, 10.5, 45.7, 4.4, 8.7, 18.3, 5.6, 18.7, 7.0, 27.4
57.5, 3.4, 43.5, 10.5, 45.7, 4.4, 8.7, 18.3, 5.6, 18.5, 7.0, 27.4
57.6, 3.4, 43.5, 10.4, 45.7, 4.4, 8.7, 18.4, 5.6, 18.6, 7.0, 27.4
57.6, 3.4, 43.5, 10.4, 45.7, 4.4, 8.7, 18.4, 5.6, 18.6, 7.0, 27.4
57.7, 3.4, 43.6, 10.4, 45.8, 4.4, 8.6, 18.4, 5.6, 18.6, 7.0, 26.6
57.8, 3.4, 43.7, 10.4, 45.9, 4.4, 8.6, 18.4, 5.6, 18.6, 7.0, 26.7
57.8, 3.4, 43.7, 10.4, 45.9, 4.4, 8.6, 18.4, 5.6, 18.6, 7.0, 26.7
57.8, 3.4, 43.7, 10.4, 45.9, 4.4, 8.6, 18.4, 5.6, 18.6, 7.0, 26.7
57.8, 3.4, 43.7, 10.4, 45.9, 4.4, 8.6, 18.4, 5.6, 18.6, 7.0, 26.7
57.8, 3.4, 43.7, 10.4, 45.9, 4.4, 8.6, 18.4, 5.6, 18.6, 7.0, 26.7
57.8, 3.4, 43.7, 10.4, 45.9, 4.4, 8.6, 18.4, 5.6, 18.6, 7.0, 26.7
57.8, 3.4, 43.7, 10.4, 45.9, 4.4, 8.6, 18.4, 5.6, 18.6, 7.0, 26.7
58.0, 3.4, 43.9, 10.4, 46.1, 4.3, 8.7, 18.5, 5.6, 18.7, 7.0, 26.8
58.1, 3.4, 43.9, 10.4, 46.2, 4.3, 8.7, 18.5, 5.6, 18.7, 7.0, 26.9
54.4, 3.5, 43.2, 10.2, 44.2, 4.4, 7.5, 18.8, 5.7, 19.0, 7.3, 26.8
54.4, 3.5, 43.3, 10.2, 44.3, 4.4, 7.5, 18.8, 5.7, 19.0, 7.3, 26.8
54.4, 3.5, 43.3, 10.2, 44.3, 4.4, 7.5, 18.8, 5.7, 19.0, 7.3, 26.8
54.7, 3.6, 43.5, 10.2, 44.5, 4.4, 7.5, 18.9, 5.8, 19.1, 7.3, 23.6
54.7, 3.6, 43.5, 10.2, 44.5, 4.4, 7.5, 18.9, 5.8, 19.1, 7.3, 23.6
56.2, 3.6, 44.7, 10.5, 45.7, 4.3, 7.7, 14.4, 5.9, 19.6, 7.5, 22.3
56.2, 3.6, 44.7, 10.5, 45.7, 4.3, 7.7, 14.4, 5.9, 19.6, 7.5, 22.3
56.2, 3.6, 44.7, 10.5, 45.7, 4.3, 7.7, 14.4, 5.9, 19.6, 7.5, 22.3
56.5, 3.7, 44.9, 10.5, 46.0, 4.3, 7.7, 14.5, 5.9, 19.7, 7.6, 19.9
56.7, 3.7, 45.1, 10.6, 46.1, 4.4, 7.7, 14.5, 5.9, 19.8, 7.6, 19.0
56.7, 3.7, 45.1, 10.6, 46.1, 4.4, 7.7, 14.5, 5.9, 19.8, 7.6, 19.0
56.8, 3.7, 45.2, 10.6, 46.2, 4.4, 7.6, 14.6, 5.9, 19.8, 7.6, 19.1
57.4, 3.7, 44.7, 10.7, 45.7, 4.4, 7.6, 14.6, 6.0, 19.9, 7.7, 16.2
57.4, 3.7, 44.7, 10.7, 45.7, 4.4, 7.6, 14.6, 6.0, 19.9, 7.7, 16.2
53.7, 3.8, 36.7, 10.9, 42.7, 4.5, 7.8, 14.1, 6.1, 19.0, 7.9, 13.8
53.8, 3.8, 36.8, 10.8, 42.8, 4.5, 7.8, 14.1, 6.1, 19.0, 7.9, 13.7
53.8, 3.8, 36.8, 10.8, 42.8, 4.5, 7.8, 14.1, 6.1, 19.0, 7.9, 13.7
53.8, 3.8, 36.8, 10.8, 42.8, 4.5, 7.8, 14.1, 6.1, 19.0, 7.9, 13.7
53.8, 3.8, 36.8, 10.8, 42.8, 4.5, 7.8, 14.1, 6.1, 19.0, 7.9, 13.7
53.8, 3.8, 36.8, 10.8, 42.8, 4.5, 7.8, 14.1, 6.1, 19.0, 7.9, 13.7
53.8, 3.8, 36.8, 10.8, 42.8, 4.5, 7.8, 14.1, 6.1, 19.0, 7.9, 13.7
53.8, 3.8, 36.8, 10.8, 42.8, 4.5, 7.8, 14.1, 6.1, 19.0, 7.9, 13.7
53.8, 3.8, 36.8, 10.8, 42.8, 4.5, 7.8, 14.1, 6.1, 19.0, 7.9, 13.7
52.6, 3.8, 36.2, 10.8, 42.0, 4.5, 7.8, 14.2, 6.1, 19.1, 7.9, 13.6
52.6, 3.8, 36.2, 10.8, 42.0, 4.5, 7.8, 14.2, 6.1, 19.1, 7.9, 13.6
53.3, 3.9, 36.7, 10.9, 42.6, 4.6, 7.1, 14.4, 6.2, 19.3, 8.0, 13.8
53.9, 3.8, 37.2, 11.0, 43.1, 4.6, 7.2, 13.6, 6.2, 18.6, 8.1, 14.0
53.9, 3.8, 37.2, 11.0, 43.1, 4.6, 7.2, 13.6, 6.2, 18.6, 8.1, 14.0
53.9, 3.8, 37.2, 11.0, 43.1, 4.6, 7.2, 13.6, 6.2, 18.6, 8.1, 14.0
53.9, 3.8, 37.2, 11.0, 43.1, 4.6, 7.2, 13.6, 6.2, 18.6, 8.1, 14.0
53.9, 3.8, 37.2, 11.0, 43.1, 4.6, 7.1, 13.6, 6.2, 18.6, 8.1, 14.0
54.5, 3.9, 37.6, 11.1, 43.6, 4.4, 7.2, 13.8, 6.3, 18.8, 8.2, 14.1
54.5, 3.9, 37.6, 11.1, 43.6, 4.4, 7.2, 13.8, 6.3, 18.8, 8.2, 14.1
53.2, 3.9, 37.6, 11.1, 43.6, 4.4, 7.2, 13.8, 6.3, 18.8, 8.2, 14.1
53.6, 3.9, 37.9, 11.2, 43.9, 4.4, 7.3, 13.9, 6.3, 18.9, 7.9, 14.2
53.6, 3.9, 37.9, 11.2, 43.9, 4.4, 7.3, 13.9, 6.3, 18.9, 7.9, 14.2
53.6, 3.9, 37.9, 11.2, 43.9, 4.4, 7.3, 13.9, 6.3, 18.9, 7.9, 14.2
57.5, 4.1, 40.6, 12.0, 47.1, 3.3, 7.8, 14.9, 6.8, 20.3, 8.5, 15.3
58.2, 4.3, 38.8, 12.1, 47.9, 3.4, 8.0, 15.0, 7.0, 18.6, 8.8, 12.5
58.2, 4.3, 38.8, 12.1, 47.9, 3.4, 8.0, 15.0, 7.0, 18.6, 8.8, 12.5
58.2, 4.3, 38.8, 12.1, 47.9, 3.4, 8.0, 15.0, 7.0, 18.6, 8.8, 12.5
58.2, 4.3, 38.8, 12.1, 47.9, 3.4, 8.0, 15.0, 7.0, 18.6, 8.8, 12.5
58.2, 4.3, 38.8, 12.1, 47.9, 3.4, 8.0, 15.0, 7.0, 18.6, 8.8, 12.5
58.2, 4.3, 38.8, 12.1, 47.9, 3.4, 8.0, 15.0, 7.0, 18.6, 8.8, 12.5
58.2, 4.3, 38.8, 12.1, 47.9, 3.4, 8.0, 15.0, 7.0, 18.6, 8.8, 12.5
58.2, 4.3, 38.8, 12.1, 47.9, 3.4, 8.0, 15.0, 7.0, 18.6, 8.8, 12.5
58.2, 4.3, 38.8, 12.1, 47.9, 3.4, 8.0, 15.0, 7.0, 18.6, 8.8, 12.5
58.8, 4.3, 39.2, 12.2, 48.4, 3.4, 8.1, 15.1, 7.1, 18.8, 8.9, 10.9
58.9, 4.3, 39.2, 12.2, 48.5, 3.4, 8.0, 15.1, 7.1, 18.8, 8.9, 10.9
59.3, 4.4, 39.5, 12.3, 47.0, 3.4, 7.8, 14.4, 7.1, 19.0, 9.0, 10.9
59.3, 4.4, 39.5, 12.3, 47.0, 3.4, 7.8, 14.4, 7.1, 19.0, 9.0, 10.9
58.7, 4.4, 40.0, 11.9, 47.6, 3.3, 7.9, 14.5, 7.2, 19.2, 9.1, 11.0
59.1, 4.4, 34.8, 11.9, 47.9, 3.4, 7.7, 14.6, 7.3, 19.4, 9.1, 11.1
59.1, 4.4, 34.8, 11.9, 47.9, 3.4, 7.7, 14.6, 7.3, 19.4, 9.1, 11.1
59.1, 4.4, 34.8, 11.9, 47.9, 3.4, 7.7, 14.6, 7.3, 19.4, 9.1, 11.1
59.1, 4.4, 34.8, 11.9, 47.9, 3.4, 7.7, 14.6, 7.3, 19.4, 9.1, 11.1
59.1, 4.4, 34.8, 11.9, 47.9, 3.4, 7.7, 14.6, 7.3, 19.4, 9.1, 11.1
59.9, 4.5, 35.2, 12.1, 48.6, 3.3, 7.4, 14.8, 7.3, 19.6, 9.3, 11.2
60.1, 4.5, 35.4, 12.0, 47.0, 3.3, 7.3, 14.8, 7.3, 19.7, 9.3, 11.2
62.9, 4.7, 37.1, 11.6, 49.2, 3.2, 7.6, 15.5, 7.6, 20.2, 9.7, 9.3
63.2, 4.7, 37.2, 11.6, 49.4, 3.2, 7.6, 15.6, 7.6, 19.8, 9.8, 9.2
63.2, 4.7, 37.2, 11.6, 49.4, 3.2, 7.6, 15.6, 7.6, 19.8, 9.8, 9.2
63.7, 4.8, 37.5, 11.3, 48.0, 3.2, 7.7, 15.7, 7.7, 17.4, 9.8, 9.2
63.7, 4.8, 37.5, 11.3, 48.0, 3.2, 7.7, 15.7, 7.7, 17.4, 9.8, 9.2
63.7, 4.8, 37.5, 11.3, 48.0, 3.2, 7.7, 15.7, 7.7, 17.4, 9.8, 9.2
62.4, 4.8, 36.6, 11.3, 48.1, 3.3, 7.7, 15.7, 7.7, 17.4, 9.8, 9.3
62.4, 4.8, 36.6, 11.3, 48.1, 3.3, 7.7, 15.7, 7.7, 17.4, 9.8, 9.3
62.4, 4.8, 36.6, 11.3, 48.1, 3.3, 7.7, 15.7, 7.7, 17.4, 9.8, 9.3
62.8, 4.8, 36.8, 10.6, 48.5, 3.3, 7.7, 15.7, 7.6, 17.6, 9.9, 9.3
63.0, 4.8, 37.0, 10.6, 48.6, 3.3, 7.6, 15.7, 7.6, 17.6, 9.9, 9.4
62.2, 5.1, 37.0, 11.0, 47.9, 3.3, 7.0, 15.9, 6.8, 18.4, 10.4, 9.9
62.2, 5.1, 37.0, 11.0, 47.9, 3.3, 7.0, 15.9, 6.8, 18.4, 10.4, 9.9
62.2, 5.1, 37.0, 11.0, 47.9, 3.3, 7.0, 15.9, 6.8, 18.4, 10.4, 9.9
62.4, 5.1, 37.1, 11.1, 48.1, 3.3, 7.0, 15.1, 6.9, 18.4, 10.4, 9.9
62.4, 5.1, 37.1, 11.1, 48.1, 3.3, 7.0, 15.1, 6.9, 18.4, 10.4, 9.9
62.5, 5.1, 37.1, 11.1, 48.1, 3.3, 7.0, 15.1, 6.9, 18.2, 10.4, 9.9
62.5, 5.1, 37.1, 11.1, 48.1, 3.3, 7.0, 15.1, 6.9, 18.2, 10.4, 9.9
62.5, 5.1, 37.2, 11.1, 48.2, 3.3, 7.0, 15.1, 6.9, 18.2, 10.5, 9.8
66.3, 5.1, 39.3, 11.7, 50.5, 3.2, 6.9, 16.0, 6.2, 19.1, 11.2, 10.0
66.3, 5.1, 39.3, 11.7, 50.5, 3.2, 6.9, 16.0, 6.2, 19.1, 11.2, 10.0
66.3, 5.1, 39.3, 11.7, 50.5, 3.2, 6.9, 16.0, 6.2, 19.1, 11.2, 10.0
66.3, 5.1, 39.3, 11.7, 50.5, 3.2, 6.9, 16.0, 6.2, 19.1, 11.2, 10.0
66.4, 5.1, 39.3, 11.7, 50.6, 3.2, 6.9, 16.1, 6.2, 19.2, 11.2, 10.0
66.7, 5.1, 39.5, 11.8, 50.8, 3.2, 6.7, 16.1, 6.2, 19.3, 11.3, 10.1
66.7, 5.1, 39.5, 11.8, 50.8, 3.2, 6.7, 16.1, 6.2, 19.3, 11.3, 10.1
66.7, 5.1, 39.5, 11.8, 50.8, 3.2, 6.7, 16.1, 6.2, 19.3, 11.3, 10.1
66.8, 5.2, 39.6, 11.8, 50.9, 3.2, 6.7, 16.2, 6.3, 18.7, 11.3, 10.1
60.1, 5.2, 39.6, 11.8, 51.5, 3.3, 6.5, 16.0, 6.3, 18.8, 11.4, 10.1
63.5, 5.6, 42.6, 12.7, 55.5, 2.7, 7.0, 17.3, 6.7, 20.3, 12.3, 10.9
63.5, 5.6, 42.6, 12.7, 55.5, 2.7, 7.0, 17.3, 6.7, 20.3, 12.3, 10.9
63.5, 5.6, 42.6, 12.7, 55.5, 2.7, 7.0, 17.3, 6.7, 20.3, 12.3, 10.9
63.5, 5.6, 42.6, 12.7, 55.5, 2.7, 7.0, 17.3, 6.7, 20.3, 12.3, 10.9
63.5, 5.6, 42.6, 12.7, 55.5, 2.7, 7.0, 17.3, 6.7, 20.3, 12.3, 10.9
59.3, 5.7, 42.9, 12.0, 54.8, 2.7, 6.7, 17.6, 6.8, 20.7, 12.5, 10.9
59.3, 5.7, 42.9, 12.0, 54.8, 2.7, 6.7, 17.6, 6.8, 20.7, 12.5, 10.9
59.3, 5.7, 42.9, 12.0, 54.8, 2.7, 6.7, 17.6, 6.8, 20.7, 12.5, 10.9
60.1, 5.7, 43.7, 12.3, 53.2, 2.8, 6.8, 18.0, 6.2, 19.7, 12.8, 11.0
60.5, 5.8, 44.0, 12.4, 53.5, 2.7, 6.8, 18.1, 6.2, 19.8, 12.9, 11.1
59.9, 5.8, 43.7, 12.3, 53.1, 2.7, 6.8, 18.1, 6.3, 19.0, 12.8, 11.0
60.0, 5.8, 43.7, 12.4, 53.1, 2.7, 6.8, 18.1, 6.3, 19.0, 12.8, 11.1
60.0, 5.8, 43.7, 12.4, 53.1, 2.7, 6.8, 18.1, 6.3, 19.0, 12.8, 11.1
60.0, 5.8, 43.7, 12.4, 53.1, 2.7, 6.8, 18.1, 6.3, 19.0, 12.8, 11.1
61.3, 5.9, 44.7, 12.2, 54.3, 2.8, 6.8, 14.9, 6.4, 17.0, 13.0, 11.3
62.6, 6.0, 45.7, 12.3, 55.4, 2.8, 6.7, 15.2, 5.9, 17.4, 13.3, 11.3
62.6, 6.0, 45.7, 12.3, 55.5, 2.8, 6.7, 15.2, 5.9, 17.4, 13.3, 11.3
62.6, 6.0, 45.7, 12.3, 55.5, 2.8, 6.7, 15.2, 5.9, 17.4, 13.3, 11.3
62.9, 6.1, 45.9, 12.0, 55.7, 2.8, 6.7, 15.3, 6.0, 17.5, 13.4, 11.4
63.1, 6.1, 46.0, 12.0, 55.9, 2.8, 6.6, 15.3, 6.0, 17.5, 13.4, 11.4
63.1, 6.1, 46.0, 12.0, 55.9, 2.8, 6.6, 15.3, 6.0, 17.5, 13.4, 11.4
64.4, 6.3, 46.1, 12.3, 57.2, 2.7, 6.6, 15.7, 6.2, 18.0, 13.9, 10.7
64.7, 6.3, 46.3, 12.3, 57.4, 2.7, 6.5, 15.8, 6.2, 17.3, 14.0, 10.7
64.7, 6.3, 46.3, 12.3, 57.4, 2.7, 6.5, 15.8, 6.2, 17.3, 14.0, 10.7
64.8, 6.3, 46.4, 12.3, 57.5, 2.7, 6.5, 15.8, 6.2, 17.3, 14.0, 10.7
64.8, 6.3, 46.4, 12.3, 57.5, 2.7, 6.5, 15.8, 6.2, 17.3, 14.0, 10.7
64.8, 6.3, 46.4, 12.3, 57.5, 2.7, 6.5, 15.8, 6.2, 17.3, 14.0, 10.7
65.9, 6.6, 47.6, 12.5, 59.5, 2.5, 6.8, 16.5, 6.4, 18.0, 14.6, 10.9
20.1, 6.9, 47.8, 13.0, 60.0, 2.6, 6.8, 16.8, 6.6, 18.9, 15.3, 10.9
20.1, 6.9, 47.9, 13.0, 58.5, 2.6, 6.8, 16.8, 6.6, 18.9, 15.3, 10.8
20.1, 6.9, 47.9, 13.0, 58.5, 2.6, 6.8, 16.8, 6.6, 18.9, 15.3, 10.8
20.1, 6.9, 47.9, 13.0, 58.5, 2.6, 6.8, 16.8, 6.6, 18.9, 15.3, 10.8
20.2, 6.9, 48.1, 13.1, 58.8, 2.6, 6.8, 16.9, 6.7, 16.9, 15.4, 10.9
20.2, 6.9, 48.1, 13.1, 58.8, 2.6, 6.8, 16.9, 6.7, 16.9, 15.4, 10.9
20.2, 6.9, 48.2, 13.1, 58.9, 2.6, 6.8, 16.9, 6.7, 16.9, 15.4, 10.9
20.3, 7.0, 48.4, 13.1, 59.1, 2.6, 6.8, 16.8, 6.7, 16.9, 15.5, 10.6
22.8, 7.9, 53.6, 14.4, 66.0, 2.9, 4.3, 18.8, 6.9, 19.0, 17.2, 9.6
23.0, 7.8, 49.2, 14.2, 59.2, 2.9, 4.3, 18.3, 6.9, 19.2, 17.5, 9.7
23.1, 7.9, 49.3, 13.9, 59.4, 2.9, 4.3, 18.4, 6.9, 19.3, 17.5, 9.6
23.2, 7.9, 49.4, 13.9, 59.5, 2.9, 4.3, 18.4, 6.9, 19.3, 17.5, 9.6
23.2, 7.9, 49.4, 13.9, 59.5, 2.9, 4.3, 18.4, 6.9, 19.3, 17.5, 9.6
23.2, 7.9, 49.4, 13.9, 59.6, 2.9, 4.3, 18.4, 6.9, 19.1, 17.6, 9.6
23.2, 7.9, 49.4, 13.9, 59.6, 2.9, 4.3, 18.4, 6.9, 19.1, 17.6, 9.6
21.8, 8.1, 50.4, 14.1, 61.3, 3.0, 4.3, 18.7, 7.0, 18.6, 16.7, 9.2
21.8, 8.1, 50.4, 14.1, 61.3, 3.0, 4.3, 18.7, 7.0, 18.6, 16.7, 9.2
21.8, 8.1, 50.4, 14.1, 61.3, 3.0, 4.3, 18.7, 7.0, 18.6, 16.6, 9.2
21.8, 8.1, 50.5, 13.9, 61.4, 3.0, 4.3, 18.7, 7.0, 18.7, 16.6, 9.2
21.8, 8.1, 50.5, 13.9, 61.4, 3.0, 4.3, 18.7, 7.0, 18.7, 16.6, 9.2
22.4, 8.1, 51.7, 14.2, 62.9, 3.1, 4.3, 19.2, 6.6, 16.2, 17.0, 9.1
22.4, 8.1, 51.8, 14.0, 62.3, 3.1, 4.3, 19.2, 6.7, 16.3, 17.0, 9.1
22.4, 8.1, 51.8, 14.0, 62.3, 3.1, 4.3, 19.2, 6.7, 16.3, 17.0, 9.1
22.4, 8.1, 51.9, 14.0, 61.7, 3.1, 4.4, 19.2, 6.7, 16.3, 17.0, 9.1
22.8, 8.2, 52.7, 14.3, 62.7, 3.1, 4.4, 19.5, 6.3, 14.7, 17.3, 9.1
23.6, 8.5, 54.4, 14.3, 63.9, 3.2, 4.5, 16.1, 6.3, 13.7, 17.5, 9.3
23.5, 8.5, 54.0, 14.3, 64.0, 3.2, 4.5, 16.1, 6.3, 13.7, 17.5, 9.3
23.5, 8.5, 54.0, 14.3, 64.0, 3.2, 4.5, 16.1, 6.3, 13.7, 17.5, 9.3
24.5, 8.9, 56.2, 14.9, 66.6, 3.3, 4.7, 16.8, 4.9, 14.3, 18.2, 9.7
24.5, 8.9, 56.2, 14.9, 66.6, 3.3, 4.7, 16.8, 4.9, 14.3, 18.2, 9.7
24.5, 8.7, 56.1, 14.5, 67.1, 3.3, 4.7, 16.9, 5.0, 13.8, 18.3, 9.7
24.5, 8.7, 55.8, 14.3, 66.6, 3.3, 4.7, 16.7, 5.0, 13.9, 18.3, 9.6
24.5, 8.7, 55.8, 14.3, 66.6, 3.3, 4.7, 16.7, 5.0, 13.9, 18.4, 9.6
24.5, 8.7, 55.8, 14.3, 66.6, 3.3, 4.7, 16.7, 5.0, 13.9, 18.4, 9.6
24.6, 8.7, 56.2, 14.4, 67.1, 3.3, 4.7, 16.8, 5.1, 13.3, 18.5, 9.4
24.6, 8.7, 56.2, 14.4, 67.1, 3.3, 4.7, 16.7, 5.1, 13.3, 18.5, 9.4
26.0, 9.2, 59.1, 15.2, 69.6, 3.4, 4.8, 17.7, 4.8, 12.7, 19.5, 8.5
26.2, 9.2, 59.5, 15.3, 70.1, 3.4, 4.8, 17.8, 4.7, 12.6, 19.7, 8.4
26.2, 9.2, 59.5, 15.3, 70.1, 3.4, 4.8, 17.8, 4.7, 12.6, 19.7, 8.4
26.3, 9.3, 59.7, 15.2, 66.8, 3.4, 4.8, 17.9, 4.7, 12.5, 19.7, 8.5
26.8, 9.4, 60.9, 15.5, 68.3, 3.4, 4.9, 18.3, 4.8, 11.0, 20.2, 8.1
27.2, 8.8, 61.6, 15.3, 63.8, 3.6, 5.1, 18.5, 5.1, 8.5, 20.1, 8.4
27.3, 8.9, 61.8, 15.3, 64.0, 3.6, 5.2, 18.6, 5.1, 8.2, 20.2, 8.4
28.6, 8.5, 65.1, 15.9, 67.4, 3.6, 5.4, 19.0, 5.1, 8.7, 21.2, 7.1
28.6, 8.5, 65.2, 15.9, 67.5, 3.6, 5.4, 18.8, 5.1, 8.7, 21.3, 7.1
29.0, 8.5, 66.1, 15.1, 67.8, 3.6, 5.4, 19.0, 5.1, 8.7, 21.6, 7.2
29.0, 8.5, 66.1, 15.1, 67.8, 3.6, 5.4, 19.0, 5.1, 8.7, 21.6, 7.2
29.6, 8.6, 66.2, 14.7, 67.9, 3.7, 5.5, 19.2, 4.9, 8.8, 20.8, 7.2
29.7, 8.6, 66.5, 14.6, 68.2, 3.6, 5.6, 19.3, 4.9, 8.9, 20.9, 7.2
31.7, 9.1, 66.7, 13.1, 68.9, 3.6, 5.7, 18.4, 4.7, 9.2, 22.3, 7.1
33.2, 9.1, 69.7, 11.0, 66.6, 3.7, 5.6, 18.7, 4.8, 9.3, 22.7, 7.4
34.7, 9.2, 73.0, 11.1, 69.3, 3.4, 5.7, 19.6, 5.0, 9.7, 23.7, 7.2
35.2, 8.9, 71.7, 11.1, 64.2, 3.5, 5.5, 19.7, 5.0, 10.1, 24.6, 7.3
35.2, 8.9, 71.5, 10.8, 63.3, 3.5, 5.5, 19.7, 5.0, 10.2, 24.6, 7.3
35.9, 9.1, 68.4, 10.7, 56.7, 3.6, 5.3, 20.2, 5.1, 10.3, 25.8, 6.8
39.4, 8.9, 75.0, 10.1, 53.7, 3.6, 5.4, 20.7, 5.2, 11.0, 28.2, 6.3
39.7, 9.0, 76.9, 10.3, 55.1, 3.6, 5.4, 21.3, 4.8, 11.2, 28.8, 6.4
41.6, 9.2, 78.1, 10.8, 49.8, 3.6, 5.4, 20.6, 4.7, 11.5, 27.6, 6.5
42.7, 9.2, 79.8, 10.3, 48.0, 3.7, 5.0, 21.0, 4.7, 11.8, 28.4, 6.7
47.2, 8.5, 79.9, 11.0, 48.4, 3.8, 4.7, 21.6, 5.0, 12.2, 28.4, 6.4
50.5, 8.8, 85.1, 11.7, 41.3, 4.1, 3.7, 21.9, 5.4, 11.4, 31.4, 6.9
50.0, 8.8, 85.5, 11.8, 41.4, 4.2, 3.7, 21.9, 5.3, 11.4, 31.5, 6.9
53.7, 9.1, 85.5, 11.1, 42.2, 4.2, 3.8, 20.9, 5.1, 11.0, 32.2, 7.2
54.7, 9.1, 86.1, 11.2, 42.0, 4.2, 3.9, 21.1, 5.0, 11.1, 32.8, 7.1
62.0, 7.7, 97.9, 12.0, 41.9, 4.0, 3.9, 22.3, 5.2, 11.0, 36.6, 7.4
63.4, 7.9, 92.1, 12.1, 42.6, 4.0, 3.8, 22.3, 5.3, 11.1, 36.8, 7.2
60.1, 8.0, 97.0, 12.3, 40.2, 3.8, 3.9, 21.2, 5.4, 12.0, 38.2, 6.9
65.2, 8.4, 106.2, 10.4, 43.2, 3.9, 3.9, 20.6, 5.5, 12.4, 40.0, 6.6
68.7, 8.6, 111.3, 10.5, 44.2, 3.8, 3.9, 21.2, 5.5, 12.4, 40.9, 6.7
78.4, 8.9, 129.3, 11.3, 49.4, 3.5, 3.8, 20.4, 5.7, 12.7, 44.3, 6.9
88.1, 9.4, 145.7, 10.5, 53.6, 3.1, 3.9, 20.8, 5.7, 14.1, 48.6, 7.5
97.8, 10.1, 160.2, 11.1, 58.4, 3.2, 3.8, 21.2, 5.6, 11.6, 51.9, 7.5
102.7, 10.0, 159.3, 11.1, 60.6, 3.1, 3.8, 22.2, 5.5, 12.2, 53.8, 8.0
140.0, 11.8, 207.3, 11.8, 80.1, 3.5, 3.2, 24.3, 4.7, 11.3, 55.1, 8.4
140.0, 11.8, 207.3, 11.8, 80.1, 3.5, 3.2, 24.3, 4.7, 11.3, 55.1, 8.4
140.0, 11.8, 207.3, 11.8, 80.1, 3.5, 3.2, 24.3, 4.7, 11.3, 55.1, 8.4
140.0, 11.8, 207.3, 11.8, 80.1, 3.5, 3.2, 24.3, 4.7, 11.3, 55.1, 8.4
140.0, 11.8, 207.3, 11.8, 80.1, 3.5, 3.2, 24.3, 4.7, 11.3, 55.1, 8.4
140.0, 11.8, 207.3, 11.8, 80.1, 3.5, 3.2, 24.3, 4.7, 11.3, 55.1, 8.4
140.0, 11.8, 207.3, 11.8, 80.1, 3.5, 3.2, 24.3, 4.7, 11.3, 55.1, 8.4
140.0, 11.8, 207.3, 11.8, 80.1, 3.5, 3.2, 24.3, 4.7, 11.3, 55.1, 8.4
140.0, 11.8, 207.3, 11.8, 80.1, 3.5, 3.2, 24.3, 4.7, 11.3, 55.1, 8.4
140.0, 11.8, 207.3, 11.8, 80.1, 3.5, 3.2, 24.3, 4.7, 11.3, 55.1, 8.4
140.0, 11.8, 207.3, 11.8, 80.1, 3.5, 3.2, 24.3, 4.7, 11.3, 55.1, 8.4
140.0, 11.8, 207.3, 11.8, 80.1, 3.5, 3.2, 24.3, 4.7, 11.3, 55.1, 8.4
140.0, 11.8, 207.3, 11.8, 80.1, 3.5, 3.2, 24.3, 4.7, 11.3, 55.1, 8.4
140.0, 11.8, 207.3, 11.8, 80.1, 3.5, 3.2, 24.3, 4.7, 11.3, 55.1, 8.4
140.0, 11.8, 207.3, 11.8, 80.1, 3.5, 3.2, 24.3, 4.7, 11.3, 55.1, 8.4
140.0, 11.8, 207.3, 11.8, 80.1, 3.5, 3.2, 24.3, 4.7, 11.3, 55.1, 8.4
